0.008540791410070638
0.014171245711154362
0.014628926542500727
0.02189043831464482
0.035255518265435694
0.03583557813067582
0.03743692883131486
0.038895970346570385
0.041218540697620404
0.04510558750716542
0.047532833069621715
0.0579928729543125
0.06620948988066255
0.06961182135330592
0.070264512026105
0.07053598343191846
0.0739315845912142
0.07912133181595235
0.08001062762312723
0.08198744740988406
0.08369214818523742
0.08466899173568432
0.08661048829583018
0.08732199515945265
0.08762656116804651
0.09254952342982006
0.09374131176327694
0.09908938380298395
0.10237397365202182
0.10523931516957176
0.10774674169647329
0.11453985734203476
0.11819456268311664
0.12130972925384491
0.12368001241857794
0.12796770677294336
0.1360612005884485
0.13716896652222377
0.13780566586103987
0.13806060302298775
0.14160000296236866
0.14567645961342812
0.14695429380686031
0.15067401110412584
0.1518899728652759
0.15741947623608757
0.1591612915060824
0.16214507888734764
0.1636261774075274
0.16409244172128865
0.16420860837220944
0.16463485932590358
0.16844492609622494
0.17031222330475712
0.17076804365814344
0.17156331084446488
0.18039382783311894
0.1827326712033797
0.1833511007160422
0.18785555631949324
0.19509295112532263
0.1956154843683166
0.20051305817401874
0.20309971139706123
0.20733516149882317
0.20756851766524714
0.2116381167148465
0.2117037935764243
0.21438248157623774
0.22042526319963998
0.2219463756109567
0.2278516217008299
0.2278824213829603
0.22853039899272076
0.22932995612014345
0.23162356837187634
0.23853057160823743
0.2394472162763009
0.2402723130786305
0.24056614910866558
0.2430215476657767
0.24319611762425195
0.24406623479943182
0.2448186667941088
0.24490485707652956
0.2470885770183876
0.2488841506827277
0.24928120359195782
0.25032753545888015
0.2504683226880223
0.25324429652312563
0.2536894659443891
0.2561522916022008
0.2583984102180309
0.25918711231502123
0.2598654575183541
0.26391764852737976
0.2672956097518248
0.2683932617921841
0.26844519620235807
0.27121463560280734
0.2729306977704643
0.2733129196977213
0.2746834895870988
0.275642390695421
0.27644654793316403
0.2773229862646056
0.27928624939945385
0.28162271887265505
0.2834723655148797
0.2857842023228053
0.2868819921349207
0.2883286251783927
0.29102621881790075
0.29441839131027286
0.2954897732409212
0.2967356017241664
0.29680311866498194
0.297366367467354
0.29788295764534306
0.30701121696671124
0.3070751884555446
0.30872399619339186
0.31095892980519024
0.312074821362333
0.31422218728401335
0.3146480152235377
0.31483011021547685
0.31493130440877565
0.3160990646945244
0.31701903437897266
0.31854590575368
0.3195290020953091
0.3201352783887521
0.3204275329859589
0.3236234908370514
0.3240796772634455
0.3244207002305834
0.32510028895619275
0.329798690179247
0.3303063949547427
0.33228108505318954
0.3325658528773364
0.33284974629219694
0.33375069200407287
0.3361549719080301
0.33798592595410215
0.3410834388120606
0.3410834388120606
0.34229833732843884
0.3430627132711935
0.34428726301110507
0.34653677950588446
0.35013478921410296
0.3502855930209072
0.35285488738617204
0.35374359966865393
0.3558758608719776
0.3560594046698768
0.3560594046698768
0.3578307449759769
0.3594413550998949
0.36105846172954487
0.3618472950443723
0.3627310938075163
0.36327129399254626
0.3647542038283102
0.36535318723140775
0.3670086904662067
0.3677067026015569
0.3680884358343753
0.3696491385846614
0.37084052900247627
0.3714940369690402
0.37195118303751223
0.3731149938098078
0.37368714283748883
0.3745171045623854
0.37519807017850554
0.37605326441076703
0.3764900174636055
0.3766010066228991
0.3766815817401415
0.37800944312768203
0.3786288941624011
0.381362820772443
0.3815586806993421
0.38199086447466113
0.382555891659904
0.3834898877735226
0.3835065480064175
0.38373974286951024
0.383789436161488
0.38419249606483646
0.3842007648883032
0.38441240663894716
0.3849664170013633
0.3859426183040806
0.3859579720790572
0.38605734027882466
0.3875671377440742
0.38765293152187796
0.38878694100176353
0.3898029087888073
0.3899882356350287
0.3902344754744541
0.39035931520439865
0.3906676880575038
0.3907591079475855
0.39101831017424415
0.3918219227665024
0.3921468676010925
0.3927369000913227
0.3935544326085206
0.39367215812795436
0.3939794856045224
0.3940643239842438
0.39490197419340145
0.3949784941186633
0.39570302333729235
0.39572974176771103
0.39574111884795293
0.39625806750702625
0.3964426628696375
0.396804706580214
0.39708093828683483
0.39713271182950893
0.3974826604009358
0.3978019325430258
0.3978402086159116
0.39795950650927103
0.3979991397993475
0.3981266221122222
0.3981961128029501
0.39837330631040424
0.3983781107053945
0.3984234661915254
0.3985947657737013
0.3987953883347016
0.39888371336142836
0.39889116118667306
0.39889538481081643
0.39889675184343326
0.3989405569856112
0.3989415325231577
0.39894074097071164
0.3989098413009771
0.398900900018801
0.3987905242013649
0.39876098064786025
0.398704499400095
0.3986496313957159
0.3986164100470772
0.3986028681619204
0.39836167537408707
0.398286103017243
0.3982704244867336
0.398225921467604
0.39803553976301825
0.3980294245182443
0.39799227193037956
0.3977861505505497
0.39778152948639944
0.39747011020518613
0.397358953221766
0.3973562925809772
0.3972184851544805
0.3971128263476932
0.3970396529870651
0.3969800531626773
0.39685497594550045
0.3967894045770353
0.3966649539946268
0.3959562923348614
0.39554195359061506
0.3954058426117605
0.3951590952711994
0.39496851315538317
0.39476883143587455
0.3946937198059774
0.3942431710720978
0.39415403655396
0.39343590941918655
0.3933699499128221
0.39335974539968577
0.3930656100228018
0.39280654747220306
0.3925308742998911
0.3920973896716068
0.3920123080934557
0.3919325032372237
0.3916902542485081
0.3916494342072103
0.3915675448634037
0.39154396931266744
0.39127108838621116
0.3909258722035359
0.3901737080947209
0.39005147268615664
0.3898501836820838
0.3891104740720357
0.3865527039509228
0.3860969280302848
0.38421345639741117
0.38339017029524536
0.3819001406589016
0.3792851203117814
0.37873675078178237
0.3756218184369469
0.3746655174073032
0.37351131451008684
0.3713970796552841
0.37126930696744814
0.370483758898676
0.36927782673082793
0.3691327699174179
0.36842638452866755
0.3677606567918849
0.3676615220539128
0.3673626268592129
0.3665838094251204
0.3662667568259564
0.3661905534939117
0.36583329760248595
0.36482672921402437
0.36320653177669326
0.36269802153902425
0.35978889324010105
0.3590426843247316
0.3589434735759318
0.35854560721410283
0.3575706201467446
0.3568454097566661
0.3565534969186659
0.35639244044942564
0.3556120718783514
0.35510729798348406
0.3542536412567442
0.3537403884301808
0.3530864609753757
0.35225819159193344
0.3510001287466764
0.3506083030871264
0.34732798893357614
0.3469033269499611
0.345833527228408
0.34541872180272803
0.34431520700060453
0.3441807509898598
0.34401219004770767
0.3422254172304092
0.3414151699809147
0.3403190996356287
0.34003877231492774
0.33963473595875693
0.3361094501418238
0.3359091694372671
0.3348659557019338
0.33379434697994387
0.3337014307063046
0.32884622885505577
0.32555131688010336
0.32501346475699705
0.3246938713486821
0.3214323374526548
0.3189689662833515
0.3186551713945098
0.31777299792405034
0.31756208655806584
0.3155426644014596
0.31492025886751135
0.3145327437545608
0.31273184110202723
0.3116142015806064
0.31159211562762057
0.3113937622237238
0.31017703985083156
0.3058045830633131
0.302966822129422
0.30165768434507173
0.30144638638684285
0.2966039839761177
0.29599772188355783
0.2956573554252424
0.29382189311953233
0.29290862611703694
0.2916422519479712
0.2912430332318272
0.2912181845754428
0.2883461894075042
0.2880160297879634
0.2875063334485968
0.2869439696283967
0.28635438869397933
0.28612340089107147
0.2859686596751286
0.2854534251149719
0.28444412491025717
0.28400204698402165
0.28064182582208297
0.2790720560403583
0.2778657941237971
0.2758928775142601
0.2754574165224351
0.2752119652100724
0.27301873737492993
0.2676234383177626
0.26332768530994116
0.2618463158282854
0.26164225279078884
0.2616131753794621
0.25852560844454087
0.25551292903820183
0.2545491382413717
0.2506203327934025
0.24761839822527867
0.24693182063788766
0.24671287854114515
0.24530042154177925
0.24495404376758403
0.23816672465044006
0.2379390787229817
0.23340496026331822
0.22955745999525792
0.22759321201132005
0.2224703193242605
0.2161680496078427
0.2107578981836846
0.20999054604517242
0.20896447019292996
0.20726911968422357
0.20567357978119546
0.204816261280134
0.2001799454659622
0.19968498010693242
0.19937974548595208
0.1988832290306717
0.19723368657471405
0.1965013069717758
0.19386269021473607
0.19312107006288765
0.19190521328289967
0.19088130744207354
0.18917890511947918
0.18465064809508033
0.18440780158754844
0.1806993313530841
0.17830780556791762
0.17597730934179318
0.17446746465679297
0.17366779329963491
0.17345706857398063
0.16894368909088595
0.16717706357764997
0.15762335894189264
0.15414767132057547
0.15341974876090694
0.15332851747929052
0.15214108654362565
0.1492867599787431
0.14877692910038168
0.14742873963176967
0.13889866036309287
0.13349636392708272
0.13072656642704655
0.12752483602019704
0.1255039789247312
0.12509721805982318
0.1238746544309151
0.12120521427421342
0.1182989891000033
0.11756715476905315
0.11667560398508937
0.11323670138945563
0.11243632478980654
0.11206222963523302
0.10741531780480768
0.0998831789870777
0.09948888386576638
0.08888393706849983
0.08657140033504136
0.08266538521025911
0.08151088101110046
0.0812670193800533
0.07701682455862856
0.07463920482837993
0.07242622292249976
0.06851079784262731
0.06563904512021967
0.0631254304109534
0.05799714439123251
0.055172100679454536
0.04226792021189362
0.04128957343861732
0.03144893994394134
0.030636662602158075
0.02849855257059365
0.022886813048039304
0.01675998034837578
0.009083960583707931
