-2.15417162
-1.866371117
-1.847599146
-1.601244316
-1.286677384
-1.275381459
-1.244931577
-1.218069651
-1.176896826
-1.111863407
-1.073419066
-0.923038664
-0.818510438
-0.777978807
-0.770366336
-0.767214937
-0.728504569
-0.671683887
-0.662209226
-0.641404535
-0.623737601
-0.613724064
-0.594051693
-0.586916708
-0.583874448
-0.535648491
-0.524229785
-0.474121175
-0.444203346
-0.418596523
-0.39654355
-0.338338163
-0.307881459
-0.28235649
-0.26318889
-0.229041911
-0.166279955
-0.15784894
-0.153019523
-0.15108912
-0.124479579
-0.094254796
-0.084868811
-0.057774964
-0.048989245
-0.00945351
0.002865595
0.023827175
0.034168129
0.037415025
0.038223339
0.041187155
0.067534079
0.080354544
0.083475248
0.088911752
0.148621216
0.164248609
0.16836862
0.198231879
0.245721144
0.249128339
0.280935642
0.297647608
0.324894932
0.326392188
0.35244239
0.352861894
0.369949026
0.408349029
0.417987399
0.455319883
0.455514287
0.459603603
0.464647888
0.479108854
0.52259748
0.528364813
0.533555754
0.535404302
0.550850933
0.551949147
0.557423169
0.562157089
0.562699375
0.576440703
0.587743448
0.590243422
0.596832711
0.597719468
0.615212462
0.61801939
0.633558107
0.647746224
0.652732529
0.65702307
0.682694695
0.704157633
0.711145963
0.711476792
0.729143726
0.740117348
0.742564458
0.751348471
0.757502908
0.762669975
0.768307705
0.78096105
0.79606662
0.808063424
0.823109308
0.83027499
0.839739419
0.857457513
0.87987542
0.886989943
0.895284534
0.895734734
0.899493221
0.902944753
0.964693759
0.965132022
0.976456936
0.991900156
0.999652462
1.014652303
1.017639993
1.01891897
1.019630081
1.027854756
1.03435878
1.045202799
1.052218413
1.056558408
1.058654225
1.081737201
1.085057425
1.087543756
1.092509597
1.127267074
1.131069899
1.14595378
1.148112693
1.150268195
1.157130333
1.175608991
1.189851678
1.214307422
1.214307422
1.224031058
1.230188905
1.240120587
1.258589014
1.288779691
1.290063784
1.312190084
1.319957737
1.338850785
1.340494696
1.340494696
1.356510898
1.371323156
1.386450895
1.393928647
1.402386948
1.407600058
1.422086603
1.428014235
1.444639229
1.451760573
1.455684474
1.47195306
1.48463028
1.491685116
1.4966646
1.509514055
1.515925992
1.525344379
1.533180244
1.543166496
1.548331857
1.549651761
1.550611847
1.566668976
1.574318963
1.609448196
1.612059014
1.61786898
1.625570126
1.638578174
1.638813506
1.642120088
1.642827788
1.648608764
1.648728135
1.651794269
1.659921741
1.674623155
1.674858486
1.676384732
1.700305011
1.701708475
1.720763526
1.738723773
1.742101977
1.746643198
1.74896923
1.754786018
1.756530542
1.761528784
1.777551807
1.784279225
1.796908696
1.815421461
1.818197693
1.825591885
1.827672355
1.849254664
1.851331722
1.872073317
1.872879926
1.873224397
1.889571427
1.895782139
1.908662289
1.91923687
1.921303697
1.936122776
1.951281211
1.953233782
1.959546813
1.961727895
1.969072633
1.973318836
1.985139993
1.985484465
1.98881151
2.002926299
2.025187319
2.040453187
2.042175543
2.043208956
2.043553428
2.062611889
2.068241093
2.069963448
2.085705096
2.08823406
2.108358336
2.1122703
2.118944854
2.124701955
2.127926683
2.129193722
2.148554022
2.153743258
2.154781787
2.157665454
2.169094392
2.169440568
2.171519332
2.182380404
2.182612325
2.197303507
2.202165324
2.20227958
2.208072493
2.212359623
2.215256932
2.217576144
2.222332233
2.22476911
2.229294983
2.25300892
2.265587232
2.269552061
2.276552328
2.281806365
2.287179773
2.289168156
2.300748866
2.302974286
2.320209779
2.321736024
2.321971356
2.328666374
2.334428591
2.340431257
2.349621132
2.351391236
2.353041969
2.357997578
2.35882465
2.360477088
2.360951162
2.366385962
2.373128728
2.387349246
2.389603656
2.393283699
2.406481035
2.448787887
2.455871714
2.483954636
2.495693939
2.516222372
2.550325012
2.557204203
2.594758376
2.605822379
2.618917397
2.642232294
2.643615294
2.652056542
2.664817321
2.666336746
2.67369001
2.680552148
2.681568508
2.68462441
2.692528488
2.69572252
2.6964882
2.700067631
2.710064114
2.725892733
2.730797183
2.758313945
2.765232357
2.766148105
2.769811095
2.778724711
2.785298653
2.78793164
2.789381147
2.796372888
2.800868065
2.808422556
2.812936491
2.818657782
2.825857569
2.836696472
2.840049097
2.867709105
2.871239081
2.88008278
2.883493385
2.892517846
2.893612651
2.894983714
2.909420805
2.915911187
2.92463722
2.926859229
2.930054966
2.957609245
2.95915766
2.967194751
2.975402372
2.976111778
3.012707571
3.037052471
3.040991719
3.043327984
3.066987352
3.084647465
3.086884822
3.093160336
3.094657591
3.108934384
3.113313601
3.116035264
3.128635745
3.13641704
3.136570518
3.137948402
3.146381123
3.176423439
3.195717232
3.204567752
3.205993385
3.238458935
3.242497092
3.244761734
3.256944415
3.262988008
3.271349106
3.273980388
3.274144097
3.293011564
3.295173888
3.29850946
3.302186092
3.306036665
3.307544153
3.308553692
3.311913138
3.318485374
3.321360514
3.34314746
3.353287189
3.361063369
3.37375423
3.376550927
3.378126626
3.392185141
3.426622021
3.453913683
3.463303079
3.464595698
3.464779871
3.484315817
3.503343583
3.509424692
3.534189096
3.553090669
3.557411906
3.558789791
3.567677828
3.569857204
3.61255798
3.613990435
3.642533789
3.666783191
3.679177331
3.711561026
3.751550371
3.786048642
3.790956503
3.797525329
3.808394927
3.818643796
3.824158744
3.854086804
3.857292773
3.859270924
3.862490535
3.873203246
3.877967861
3.895177775
3.900027655
3.907991418
3.91471031
3.925907327
3.955855851
3.957469067
3.982199365
3.998246262
4.01396233
4.024187324
4.029617008
4.031049462
4.061901796
4.074070835
4.140874358
4.16563194
4.170850166
4.171505002
4.180045158
4.200706604
4.204417342
4.214260348
4.277622571
4.318809038
4.340275387
4.365404725
4.381448212
4.384695108
4.394490366
4.416072675
4.43988552
4.445935934
4.453336947
4.482204309
4.488998234
4.492183739
4.532306098
4.599699656
4.603314897
4.704255166
4.727310857
4.767214937
4.779254373
4.781812327
4.827268872
4.85346232
4.87837338
4.92380264
4.958317964
4.989436325
5.055847628
5.094305612
5.291752364
5.308532541
5.497589205
5.515215212
5.563482096
5.705881682
5.899112926
6.253051884