0.005610841207377157
0.009309747256238642
0.009610418979156125
0.014380842177989803
0.0231609818310161
0.023542050005892438
0.024594051403328907
0.02555256330978022
0.027078367278875852
0.029631948248934774
0.031226518209535235
0.038098202576704
0.043496078560566254
0.0457312275896544
0.04616001030389954
0.0463383524360545
0.048569080010776595
0.051978465182049745
0.0525626847608772
0.05386134918043149
0.05498124602574286
0.055622979769473606
0.05689843872645067
0.05736586051888989
0.057565944027470804
0.06080006580781917
0.06158300672872102
0.06509640279937408
0.0672542019059749
0.06913657737775154
0.07078382192525577
0.07524653402774928
0.07764747913271747
0.07969397624565205
0.08125112497055297
0.08406790985769415
0.08938490057100701
0.09011264328838874
0.09053092055514492
0.09069840057717919
0.09302359622659531
0.09570160928881359
0.09654107771796303
0.09898473218617564
0.0997835537506516
0.10341614046067225
0.104560419535443
0.10652060757763246
0.10749360975157753
0.1077999203613995
0.10787623561142899
0.10815625959291285
0.11065926881200819
0.11188598278042325
0.1121854322692523
0.11270788009471094
0.11850905544527185
0.120045549913921
0.12045182488621614
0.12341101027117274
0.12816558991852528
0.12850886619249652
0.1317263091208887
0.1334256013522771
0.13620806457163803
0.1363613670387869
0.13903487502518624
0.13907802119556076
0.1408377753318505
0.144807558284258
0.14580684743542555
0.14968627692971048
0.14970651066653576
0.150132197151516
0.15065746323785376
0.152164243291116
0.15670177342355388
0.15730395973500375
0.1578460040159503
0.1580390385049543
0.1596521034708694
0.15976678655696233
0.16033840680470535
0.1608327142100477
0.16088933659608465
0.16232392330437273
0.1635035187567194
0.16376436119129642
0.16445174502654578
0.16454423467402882
0.16636790037861832
0.1666603527771331
0.1682782969492788
0.16975387623476468
0.17027201114916152
0.17071764751199306
0.1733797193507685
0.17559885843578235
0.17631995686843432
0.17635407498638084
0.17817344791838483
0.17930080858818845
0.17955190786422134
0.18045229866452148
0.18108224518751342
0.18161053329924728
0.1821863062071278
0.18347606463454266
0.18501099958033218
0.18622611807474282
0.18774487068253345
0.1884660596238291
0.18941641983081123
0.19118859395690727
0.19341706908162357
0.19412090946323415
0.19493935185990416
0.19498370686350217
0.19535373107304185
0.19569310307252305
0.20168987914313002
0.2017319049752116
0.2028150830970479
0.2042833144356619
0.2050163952511467
0.20642709932085096
0.20670684540474646
0.20682647203363524
0.2068929511832184
0.20766010696738751
0.20826447763600656
0.2092675501167922
0.2099133916084753
0.21031168256852553
0.2105036781411044
0.21260325078571982
0.2129029407648522
0.21312697453699458
0.21357342782716882
0.21666002506686025
0.21699355983416224
0.21829082516288828
0.2184779023277016
0.2186644050525807
0.21925627799304886
0.22083576074956313
0.22203859921233154
0.2240734987842051
0.2240734987842051
0.22487162185397572
0.22537377579166332
0.22617823919690203
0.2276560507063484
0.23001974982580134
0.23011881982679083
0.23180670822101054
0.23239054445545743
0.2337913255365166
0.2339119039531019
0.2339119039531019
0.23507557939072415
0.23613366373190622
0.23719601592840928
0.23771423704587702
0.23829484536203727
0.2386497278679869
0.2396239199789801
0.2400174199017943
0.2411049966054945
0.24156355308629726
0.24181433131633304
0.24283962919369922
0.24362230870539736
0.24405162833774696
0.24435194875017957
0.24511650991614903
0.24549238109566154
0.24603762136942636
0.2464849792027097
0.24704679587850698
0.24733371917503247
0.24740663309115998
0.24745956661528049
0.248331900223863
0.24873884628128054
0.250534889217475
0.2506635586692806
0.2509474801959041
0.25131867270746816
0.2519322579866546
0.25194320286480026
0.25209639936432454
0.2521290451879926
0.2523938338950535
0.2523992660679302
0.2525383033302516
0.252902258380962
0.25354357020243123
0.253553656807898
0.2536189363778101
0.25461079221716787
0.25466715412096874
0.255412137438533
0.2560795737042392
0.2562013234877998
0.25636308983609357
0.2564451028331871
0.256647687234136
0.2567077451915098
0.2568780271319709
0.25740595744087563
0.2576194287435342
0.25800704839737226
0.2585441233492855
0.258621462692197
0.25882336033691106
0.2588790945954888
0.25942938579044394
0.25947965527124855
0.2599556320514611
0.2599731846251269
0.25998065875575205
0.2603202662580506
0.2604415354961692
0.2606793787676698
0.2608608481617665
0.26089486059840616
0.26112475801314805
0.2613345026615297
0.2613596479855041
0.2614380202936283
0.26146405723639715
0.2615478062685355
0.2615934579198106
0.2617098645366647
0.26171302076611624
0.26174281688433826
0.2618553515088633
0.26198714975545934
0.26204517455384246
0.2620500673749853
0.2620528420691852
0.2620537401361875
0.26208251776170555
0.26208315863747483
0.26208263863003417
0.26206233920672356
0.26205646526459436
0.2619839542811229
0.2619645457533346
0.26192744060731366
0.2618913952755457
0.2618695706338987
0.26186067434272203
0.2617022236362334
0.2616525766569829
0.2616422767045745
0.2616130406113841
0.2614879700573883
0.2614839526700381
0.2614595454153771
0.26132413474016647
0.2613210989492296
0.2611165132086456
0.26104348904108116
0.2610417411429931
0.26095120906579494
0.2608817969049564
0.26083372593736315
0.2607945720540083
0.2607124030405592
0.2606693261734934
0.26058756882542894
0.2601220161791002
0.2598498178793865
0.2597604002771684
0.25959830052788774
0.2594730983144781
0.25934191815020696
0.2592925738438136
0.2589965875258475
0.2589380309350873
0.25846625998009465
0.25842292812727696
0.2584162243102584
0.2582229931664534
0.2580528029856613
0.2578717005186051
0.25758692440145575
0.25753103037457253
0.257478602870563
0.2573194582968262
0.2572926417222485
0.25723884482186604
0.257223356951339
0.2570440888398309
0.2568173003503094
0.25632316893158946
0.25624286683375763
0.25611063076985935
0.2556246812878644
0.2539443637030541
0.2536449434041541
0.252407603707719
0.2518667489595224
0.25088787952197206
0.24916995161373967
0.248809702286943
0.24676335904783914
0.24613512063688164
0.24537687132877425
0.24398793259044932
0.2439039927975582
0.24338792991028935
0.24259569724989616
0.2425004027148801
0.24203634545634356
0.2415989980913172
0.2415338718932648
0.24133751380481744
0.24082587258301252
0.24061758605511555
0.2405675245590496
0.24033282662756442
0.23967156526185954
0.23860718257072566
0.23827311865803932
0.236361977622807
0.23587175844631125
0.23580658231322782
0.2355452054839861
0.23490469134992784
0.2344282670766606
0.23423649602152358
0.2341306905720119
0.2336180303365257
0.23328642100037095
0.23272561438311776
0.2323884348442651
0.23195883963067288
0.23141471113434328
0.23058823141897222
0.23033082300666533
0.2281758328023407
0.22789685268885093
0.22719405173363114
0.2269215468492823
0.22619659689705604
0.22610826651999327
0.22599753103486409
0.22482371726630646
0.22429142834396285
0.2235713690000169
0.22338720900745604
0.22312177882333883
0.22080585539426317
0.22067428172898856
0.2199889463387098
0.21928495696736933
0.21922391596637303
0.21603430913614424
0.21386972894724693
0.2135163889918604
0.21330643328882504
0.21116378070495448
0.2095454781610597
0.2093393317738641
0.20875979118769866
0.2086212337488676
0.20729458186061092
0.20688569485589392
0.20663111824117175
0.20544802192981634
0.20471379279568866
0.2046992835108733
0.2045689759786117
0.20376965473307565
0.20089718548017282
0.19903292897043215
0.19817289576345018
0.1980340843542795
0.19485288606898213
0.1944546044381493
0.19423100195704046
0.1930252018098407
0.19242523444324547
0.19159329463455588
0.1913310293811678
0.1913147051486119
0.18942795858591552
0.18921106144964459
0.1888762183318516
0.18850677550806405
0.18811945250214074
0.18796770592261072
0.18786604925530612
0.1875275678239269
0.186864511801677
0.18657409034934305
0.18436660553252907
0.18333535110252264
0.1825429018149366
0.18124680157316553
0.1809607270913258
0.1807994787629583
0.17935864587947706
0.1758142241950436
0.17299214520543393
0.17201896502435324
0.17188490656949643
0.1718658042720813
0.1698374386374208
0.16785827008662674
0.16722511130092343
0.1646440971483894
0.16267198737916838
0.16222094278219432
0.1620771095846075
0.16114920120291518
0.16092164961015734
0.15646274551548686
0.1563131943686261
0.15333452208041026
0.1508069210639549
0.14951651564358712
0.1461510503126305
0.1420107976209201
0.1384566187291345
0.13795250959069372
0.13727843286908356
0.13616467864673118
0.13511649463121136
0.13455328242491268
0.1315074719640816
0.1311823063091291
0.13098178355812326
0.13065559891624767
0.12957193812407655
0.12909080406303824
0.12735737458091578
0.12687016997557843
0.1260714173780871
0.1253987662374203
0.12428037935211547
0.12130555771203494
0.12114602060053016
0.11870975484846769
0.11713865086294067
0.11560764001964131
0.11461575315944365
0.11409041203030527
0.11395197720414615
0.11098692930958945
0.10982635123763457
0.10355008044729408
0.10126674036868469
0.10078853434567472
0.10072860029393198
0.09994852194933186
0.09807338270981474
0.09773845120712861
0.09685276314115843
0.0912489592352989
0.08769994064881388
0.08588033246461578
0.08377696756092767
0.08244937299491467
0.08218215295489788
0.08137899431790906
0.079625315517817
0.07771608167958652
0.07723530583295633
0.07664960485549953
0.07439043056294077
0.07386462612736629
0.07361886570447546
0.07056609423010654
0.06561788359843455
0.06535885288239192
0.058391972457003616
0.05687276003573282
0.05430671790140263
0.053548270654102885
0.0533880666609736
0.050595916952773004
0.049033948498395125
0.04758013825148385
0.045007914282093546
0.043121326993088564
0.04147001714215475
0.03810100868133014
0.03624510670344136
0.027767753254737525
0.027125031974350025
0.02066026433542612
0.020126641751490572
0.018722018304433583
0.015035406859844455
0.011010406864944247
0.005967674179369407
