-2.7727105518196753
-2.5836410798931952
-2.571308903239601
-2.4094670123147695
-2.2028134342326875
-2.195392618242414
-2.1753886813140495
-2.15774183875885
-2.1306935042377964
-2.0879700410758733
-2.0627141739885544
-1.963922327213249
-1.895252897225381
-1.8686257927220613
-1.863624808161497
-1.8615545082886729
-1.8361238757513847
-1.7987957396701129
-1.7925713963028171
-1.77890383179212
-1.7672976050929958
-1.7607192491381896
-1.7477955580475184
-1.7431082561418878
-1.7411096547299123
-1.709427791327682
-1.7019263148153088
-1.6690076495144706
-1.6493532428290982
-1.6325309355299173
-1.6180433167938273
-1.5798055039038115
-1.5597970852878749
-1.5430285516700941
-1.530436468013805
-1.5080037369375339
-1.4667725029601804
-1.4612337789578316
-1.4580611113898987
-1.4567929403060724
-1.4393119011395912
-1.4194558421635495
-1.4132897541652258
-1.3954905519701315
-1.3897188064918948
-1.363745952168304
-1.3556529618757995
-1.3418823297190354
-1.335088878381683
-1.3329558421092613
-1.3324248232279956
-1.3304777553105807
-1.3131692414072287
-1.3047468845241281
-1.3026967496175923
-1.2991252584989468
-1.2598993478079805
-1.2496329899965852
-1.246926364066535
-1.22730780694006
-1.1961099106121074
-1.193871566506779
-1.1729758768921728
-1.1619970128751307
-1.1440969845347018
-1.143113367764377
-1.125999784277283
-1.125724192681979
-1.114498864754119
-1.089272125351286
-1.0829402339642442
-1.0584147972050744
-1.0582870842190397
-1.055600623255278
-1.0522867989524878
-1.042786721028139
-1.0142170296380297
-1.010428201636106
-1.0070180322186066
-1.0058036354731266
-0.9956560285865145
-0.9949345609765629
-0.9913384225471108
-0.9882284913787757
-0.9878722386044256
-0.9788449241923707
-0.9714196278284181
-0.9697772791907927
-0.9654484702463518
-0.964865918527472
-0.9533739610655593
-0.9515299601372648
-0.9413218576948412
-0.9320010269080337
-0.9287252923509804
-0.9259066373705584
-0.9090417586380686
-0.8949417612046007
-0.8903508037567327
-0.8901334668734543
-0.8785272401743301
-0.8713181599432895
-0.8697105401141958
-0.8639399153863253
-0.8598967808488058
-0.8565022953669692
-0.8527986095747173
-0.8444860415551486
-0.8345624934262267
-0.8266812375790626
-0.8167968999462438
-0.8120894317604322
-0.8058718102675481
-0.794231974196366
-0.7795046134238697
-0.7748307539531695
-0.769381653191118
-0.7690858959725794
-0.7666167718920959
-0.7643493007592281
-0.7237835205235866
-0.7234956052728794
-0.7160557450666838
-0.7059103790238577
-0.7008175303792099
-0.6909634405242969
-0.689000688671219
-0.6881604694795377
-0.6876933077482356
-0.6822901380428062
-0.6780173436235514
-0.6708934056021828
-0.6662845240318123
-0.6634333804296987
-0.6620565412327062
-0.6468922658498671
-0.6447110570200909
-0.643077671100663
-0.6398153802924331
-0.616981584821663
-0.6144833330566936
-0.604705422693255
-0.6032871328133195
-0.6018710837771701
-0.5973630276951881
-0.5852235419279584
-0.5758668615822534
-0.5598007513585016
-0.5598007513585016
-0.5534128447893275
-0.5493674700649683
-0.5428428884485084
-0.5307101238987441
-0.5108764707327768
-0.5100328906038898
-0.49549709996739155
-0.4903941691680728
-0.47798245142885243
-0.4769024902007648
-0.4769024902007648
-0.46638070576035384
-0.4566498478608498
-0.4467117358896847
-0.44179925447599805
-0.43624260503725404
-0.4328178717775117
-0.4233009898240804
-0.41940685398924993
-0.4084851259047062
-0.4038067854033805
-0.40122899320973116
-0.39054140603754844
-0.3822131534253707
-0.3775785051077202
-0.37430725158129274
-0.3658658498253234
-0.3616535516188262
-0.3554661772469015
-0.3503184348274341
-0.3437580036520766
-0.34036463892060626
-0.339497532888225
-0.33886680795504437
-0.3283181366739335
-0.32329250611645516
-0.3002144869217067
-0.29849931972981286
-0.294682484136823
-0.2896232448642331
-0.2810776560257232
-0.2809230555420424
-0.27875080877351743
-0.2782858878860012
-0.27448809716587985
-0.27440967683061956
-0.2723953914829813
-0.2670560789275156
-0.25739803958228014
-0.25724343975554553
-0.25624077811235196
-0.24052643963232484
-0.23960443916817753
-0.22708629415957707
-0.21528737657408853
-0.21306807799857527
-0.21008473972285502
-0.20855666163633377
-0.20473534435577195
-0.203589285790881
-0.20030570926599642
-0.18977944379495987
-0.18535989151680188
-0.17706300743289596
-0.16490111519864575
-0.16307727989358586
-0.15821969291166527
-0.15685293586934382
-0.14267451810061557
-0.14131000255902643
-0.12768388873127232
-0.12715398994342636
-0.12692769099889675
-0.11618857033215381
-0.11210846614231688
-0.10364689942005911
-0.09669996769244575
-0.09534217336832193
-0.0856068344381923
-0.07564855684379254
-0.07436582257466938
-0.07021850029766322
-0.06878564657548479
-0.06396054821525603
-0.06117102091931987
-0.0534051557166798
-0.05317885611520386
-0.05099316625480219
-0.04172050802534913
-0.02709621358502688
-0.01706735828014473
-0.015935862900550372
-0.015256966066961562
-0.015030666465485617
-0.0025102812700456795
0.0011878033981610745
0.002319298120809091
0.012660715330258747
0.01432210884075273
0.02754267724338258
0.03011262746920052
0.0344974509388272
0.03827955706633942
0.04039803015346452
0.04123040672036809
0.053949083926217827
0.05735813325029736
0.058040391021092
0.05993480535052697
0.0674430037373118
0.06767042277526142
0.06903605906721651
0.07617119999362229
0.07632355963351732
0.08597487710434121
0.08916882973198204
0.0892438897869827
0.09304952247493548
0.09586593661157171
0.09776931300225783
0.09929291071509987
0.10241740572567774
0.10401830302341386
0.10699155848751674
0.12257034135673167
0.130833616725526
0.13343829641682176
0.13803709583252105
0.14148871593296317
0.14501875636866574
0.14632501719822932
0.15393292163692907
0.1553949030435932
0.16671769617958196
0.1677203571658292
0.16787495764951033
0.17227322486796007
0.17605869193267812
0.18000212107522917
0.18603937533715206
0.18720223858807206
0.18828668150373162
0.19154225043755005
0.19208559231727274
0.19317115532635232
0.19348259648055374
0.1970529681627255
0.20148260325250117
0.2108247197559631
0.2123057460354959
0.21472333662141913
0.22339327750875787
0.2511866068571493
0.25584030070461483
0.27428927204881187
0.28200136357005207
0.2954874414133146
0.31789104414815367
0.32241030313517277
0.3470813776598261
0.35434983335325826
0.3629525568103738
0.37826919183310764
0.3791777485484319
0.3847231950821388
0.3931063414691364
0.39410452208170416
0.39893522156597866
0.4034432776479605
0.4041109715765121
0.406118535049739
0.4113110897463016
0.41340939721019165
0.4139124078434452
0.4162639017495113
0.4228310541423341
0.43322960662733573
0.43645156684604275
0.45452860148022683
0.45907362655757994
0.4596752238062747
0.46208161148716065
0.4679373784247029
0.4722561052144725
0.4739858362486094
0.4749380844906623
0.4795312827823163
0.48248437262318444
0.48744726743801164
0.49041268027733675
0.4941712611583011
0.49890113449724094
0.5060217115814036
0.5082242061278345
0.5263953456898879
0.5287143503173163
0.5345241855412898
0.5367647698334577
0.5426933559822148
0.5434125840622731
0.5443132988097656
0.5537976921415053
0.558061524499509
0.5637940594816424
0.5652538000445207
0.5673532276018308
0.5854549088898753
0.5864721343753116
0.5917520714683858
0.5971440376118317
0.597610079249714
0.6216515495915528
0.6376448412610359
0.6402327156093565
0.6417675162272354
0.6573104501944992
0.6689121958629979
0.6703820192374935
0.6745046948606394
0.6754883109740178
0.6848673971297974
0.6877443074791915
0.6895322938823002
0.6978101330933373
0.7029220259539073
0.7030228527561883
0.7039280485343067
0.7094678932870216
0.7292040812448604
0.7418790669239811
0.7476933831785805
0.7486299474849709
0.7699580700223478
0.7726109222709978
0.7740986704249424
0.7821020374771492
0.7860723534604004
0.7915651457491809
0.7932937566898978
0.7934013047096441
0.8057962171058891
0.8072167478296104
0.8094080394710039
0.8118233892131411
0.8143530088494362
0.8153433474941725
0.8160065603920984
0.8182135359691549
0.8225311420085587
0.824419954557002
0.8387328078431225
0.8453940651638147
0.8505025977441252
0.8588398117606078
0.860677091471437
0.8617122410793759
0.8709479303134582
0.8935711107753616
0.9115002668002764
0.9176685956423862
0.9185177768953187
0.918638768663888
0.9314728358573156
0.9439730560864671
0.9479680180666322
0.9642369013314193
0.9766542195377387
0.9794930401413955
0.9803982365764602
0.9862371994849197
0.9876689324567318
1.0157210487143986
1.0166620947083607
1.035413545145508
1.0513440997584473
1.0594863840156188
1.0807607322146495
1.107031583943619
1.1296950949950453
1.132919296057538
1.1372346619101021
1.1443754039605536
1.1511083603990404
1.1547313850122463
1.1743925129150838
1.1764986623468057
1.1777982013019577
1.1799133127949306
1.1869509885132075
1.190081084647831
1.2013870737547372
1.2045731844145466
1.209804948950266
1.2142189001043786
1.2215747388512685
1.2412493105029294
1.2423091067647287
1.2585555842194414
1.2690975336261408
1.2794221461495616
1.2861394179954395
1.2897064287404056
1.2906474740774219
1.3109158003529995
1.3189102053439548
1.362796531756798
1.3790609333340134
1.3824890275309616
1.3829192196099462
1.3885296433870369
1.4021031036268106
1.4045408591790225
1.4110071854265103
1.4526327625808975
1.479690059163202
1.4937922974404558
1.5103009227416495
1.5208406319615086
1.5229736682339305
1.5294086266100932
1.543587044378821
1.5592308044914194
1.5632056015052964
1.5680676695178426
1.5870319758076425
1.5914952196125296
1.5935879252954277
1.6199461600778555
1.6642201077933207
1.6665951269459345
1.7329074619036915
1.7480538125070815
1.7742686497108653
1.7821779124921486
1.7838583508755113
1.8137208593463612
1.8309285477613244
1.8472937761408206
1.877138359832221
1.899813073788685
1.9202561655142318
1.963884824454274
1.9891496542597904
2.118861564923958
2.1298852399042025
2.254085313406722
2.265664653265146
2.2973734035080766
2.390922282842625
2.517864831177145
2.750383715563072
